98134 32475 3//// 10286 20259 39914 40100 5//// 81275 333 20268 56999 59012 81819 82357= Cloud amount does not follow 135 Rule.
98223 11460 61802 10299 20250 40101 51007 69914 70522 81976 333 20262 55044 56999 59012 70001 81817 82918 82367 85278= Cloud amount does not follow 135 Rule.
98328 31462 31102 10218 20192 38522 40080 52005 74040 81108 333 20188 55003 56909 59009 81815 83279=
98430 31559 11801 10312 20239 30056 40105 50006 70511 81102 333 20270 55055 56909 59010 81820=
98431 31472 21801 10286 20268 30064 40111 53008 70540 82200 333 20248 55091 56900 59007 82818=
98526 32468 70901 10303 20263 30036 40099 51006 82208 333 20214 55109 56909 59002 82818 87274=
98531 31468 30904 10308 20246 30099 40103 50008 70300 81932 333 20254 55040 56999 59002 81919 83075=
98536 31470 30902 10291 20260 39909 40106 52005 70540 82202 222// 20101 333 20261 55092 56200 59005 82817=
98646 11560 63302 10282 20253 30081 40109 52011 60054 70262 82202 333 20256 55103 56999 59001 70054 82820 86080 555 29999=
98653 11468 70101 10288 20259 30064 40109 51015 69994 70544 82270 333 20250 56999 59003 70009 82818 87358=
98741 12470 70000 10270 20250 30106 40110 52009 60024 8397/ 333 20247 56999 58001 70016 81916 83618 87457=
98753 12465 70602 10271 20241 30088 40109 51013 60044 8327/ 333 20255 55083 5699/ 59008 70035 83816 87359=
98755 11458 82201 10252 20240 30092 40118 51019 60144 78062 8352/ 333 20238 56999 59001 70137 83617 88458 555 20086=
98132 31462 71802 10294 20268 40133 5//// 70342 85830 333 20270 56999 59011 85816 87357=
98133 32465 41802 10294 20265 30083 40098 5//// 81150 222// 20700 333 20261 55035 56990 59017 81818 84359=
98222 31465 10000 10296 20260 40101 52005 70500 81108 333 20238 55051 56909 59012 81819=
98233 11557 31501 10283 20243 30039 40110 50007 69904 70511 81239 333 20259 55014 56999 59014 79999 81820 83358=
98324 11470 11403 10294 20252 30095 40101 53004 60124 70598 81131 333 20251 55065 56999 59007 70122 81816 555 20002=
98327 11468 71801 10282 20259 39938 40110 53007 60064 70564 86201 333 20261 55066 56909 59005 70064 86820 83080 555 29999=
98426 31566 40406 10316 20259 30081 40103 51005 70511 82131 333 20246 55080 56999 59004 82820 83080=
98432 32568 62002 10296 20256 30095 40107 50004 82270 333 20251 55071 56990 59006 82820=
98446 11470 10901 10286 20260 30073 40119 53007 60104 70180 81101 33311 20249 56909 59006 70096 81818 555 20096=
98538 11468 71802 10294 20263 30102 40107 50008 69904 70584 83278 333 20276 55069 56999 59004 79999 83811 85357 86272 555 29999=
98553 11470 30000 10273 20249 30109 40113 50017 60434 70584 82201 333 20247 55040 56999 59007 70427 82818 555 20127=
98558 11464 81702 10265 20261 30054 40122 51021 60304 72196 8557/ 222// 20501 333 20240 55039 56990 59001 70298 83615 82816 88358 555 20110= Cloud amount does not follow 135 Rule.
98642 11465 33202 10277 20259 30095 40105 51008 60274 70198 82942 333 20249 55108 56199 59004 70272 81914 555 20272=
98648 11472 20000 10280 20240 30027 40109 52017 60074 70544 81201 333 20250 56909 58002 70074 81817=
98746 11462 60902 10284 20240 40101 51008 60454 70322 82570 333 20226 56999 59003 70452 82618 86358=
98751 11470 50000 10250 20215 39440 40114 52005 60084 70321 82202 333 20200 56909 59010 70084 82815 84080=
98851 31468 71301 10255 20232 39968 40118 53017 70542 82970 333 20233 56999 58004 82917 87358=
98332 32562 13401 10296 20260 30063 40107 50007 81101 333 20265 55066 56909 59009 81820=
98437 32470 21302 10281 20253 30062 40111 53010 81201 333 20247 56309 59006 81819=
98545 31468 21402 10284 20251 30093 40115 53010 70544 81201 333 20249 56909 59001 81818=
98550 11460 20401 10284 20260 30111 40114 52021 60144 71511 82901 333 20249 55015 56309 59002 70135 81915=
98643 11460 70203 10285 20262 30091 40103 5//// 60014 72582 84270 333 20271 55/// 56190 59005 70010 84818 86357 555 20008=
